00 A0 02 93	//ADDI X5,X0,10
00 50 03 B3	//ADD X7,X5,X0
40 72 82 B3	//SUB X5,X5,X7
08 00 24 03	//LW X8,128(X0)
08 80 22 23	//SW X8, 132(X0)
00 40 00 6F	//J 4
00 00 00 00
00 00 00 00
00 00 00 00
00 A0 02 93	//ADDI X5,X0,10
00 72 82 63	//BEQ x5,x7,5 
01 40 02 93	//ADDI X5,X0,20
00 00 00 00
00 00 00 00
00 00 00 00
40 72 82 B3	//SUB X5,X5,X7
00 00 00 00
00 00 00 00
00 00 00 00
00 00 00 00
00 00 00 00
00 00 00 00
00 00 00 00
00 00 00 00
00 00 00 00
00 00 00 00
00 00 00 00
00 00 00 00
00 00 00 00
00 00 00 00
00 00 00 00
00 00 00 00
11 00 11 ff
00 00 00 00
00 00 00 00
00 00 00 00
00 00 00 00
00 00 00 00
00 00 00 00
00 00 00 00
00 00 00 00
00 00 00 00
00 00 00 00
00 00 00 00
00 00 00 00
00 00 00 00
00 00 00 00
00 00 00 00
00 00 00 00
00 00 00 00
00 00 00 00
00 00 00 00
00 00 00 00
00 00 00 00
00 00 00 00
00 00 00 00
00 00 00 00
00 00 00 00
00 00 00 00
00 00 00 00
00 00 00 00
00 00 00 00
00 00 00 00
00 00 00 00
